$ANSIBLE_VAULT;1.1;AES256
33306639373665643939373564663533336431663434343037333635646563376338376532333831
6238623638303465313631626261616464333633316564610a396466386130633335633465613932
39623031313938613032373164313936363934653634343733323261323561366536386631303565
3733326234653264630a633563313264373539613461653432383765313265386631623533303863
35303033396138396336316435313830643064343065386432623633646631383464393831313839
62383537393333336534333531336166653830323766316630303366386361616236633838353932
65346165303863326631663064373961316139326637303061623931313065346137616263343263
66363930646431393766316361646663306235646435663963333433646339356163366666653233
36386630313337373064393231366636393439653361336433356662336633666665363464663030
32346639336366386166336631313236303235363433396134346361633031633535353238393938
31376336616464613430633932303031363238303162613531636130656364383437353962643837
31613030333166333763616433373734343131663638626663623231356331623264323533333138
38363533386563353338353366323766333965313731333462366664616531643331383039303939
37633232653265396230663537306166323630633439336639623064643633343135363535396530
61303737313966623630613235383639646632353266333163663534373366356132383630663164
30353066323562613166373638353962383133313938356334636533343830613933363865393933
62383435636533353965313064343230633635373332353935643364303531353233333838343032
36633835386466323734616464323166333361383663653161346462396164336131636462346233
336134313165633666356338356236363331
